Bacterial Fibonacci Simulation
Codey Sivley 2/23/2021
CS372 Spring 2021

Initial Weeks
2	2	4	6	10	16	26	42	68	
110	178	288	466	754	1220	
=====================
Simulation #1
2	2	4	6	10	16	26	42	68	
110	178	288	466	754	1220	
random: 2, NewEnd value: 466, Replace with 110
=====================
Simulation #2
2	2	4	6	10	16	26	42	68	
110	178	288	110	398	508	906	1414	
random: 3, NewEnd value: 398, Replace with 178
=====================
Simulation #3
2	2	4	6	10	16	26	42	68	
110	178	288	110	178	288	466	754	1220	

random: 2, NewEnd value: 466, Replace with 110
=====================
Simulation #4
2	2	4	6	10	16	26	42	68	
110	178	288	110	178	288	110	398	508	
906	1414	
random: 1, NewEnd value: 906, Replace with 110
=====================
Simulation #5
2	2	4	6	10	16	26	42	68	
110	178	288	110	178	288	110	398	508	
110	618	728	1346	2074	
random: 2, NewEnd value: 728, Replace with 508
=====================
Simulation #6
2	2	4	6	10	16	26	42	68	
110	178	288	110	178	288	110	398	508	
110	618	508	1126	1634	2760	4394	
random: 4, NewEnd value: 508, Replace with 508
=====================
Simulation #7
2	2	4	6	10	16	26	42	68	
110	178	288	110	178	288	110	398	508	
110	618	508	1126	1634	2760	4394	
random: 3, NewEnd value: 1126, Replace with 110
=====================
Simulation #8
2	2	4	6	10	16	26	42	68	
110	178	288	110	178	288	110	398	508	
110	618	508	110	618	728	1346	2074	
random: 4, NewEnd value: 110, Replace with 110
=====================
Simulation #9
2	2	4	6	10	16	26	42	68	
110	178	288	110	178	288	110	398	508	
110	618	508	110	618	728	1346	2074	
random: 4, NewEnd value: 110, Replace with 110
=====================
Simulation #10
2	2	4	6	10	16	26	42	68	
110	178	288	110	178	288	110	398	508	
110	618	508	110	618	728	1346	2074	
random: 2, NewEnd value: 728, Replace with 508
=====================
Simulation #11
2	2	4	6	10	16	26	42	68	
110	178	288	110	178	288	110	398	508	
110	618	508	110	618	508	1126	1634	2760	
4394	
random: 1, NewEnd value: 2760, Replace with 508
=====================
Simulation #12
2	2	4	6	10	16	26	42	68	
110	178	288	110	178	288	110	398	508	
110	618	508	110	618	508	1126	1634	508	
2142	2650	4792	7442	
random: 2, NewEnd value: 2650, Replace with 1634
=====================
Simulation #13
2	2	4	6	10	16	26	42	68	
110	178	288	110	178	288	110	398	508	
110	618	508	110	618	508	1126	1634	508	
2142	1634	3776	5410	9186	14596	
random: 3, NewEnd value: 3776, Replace with 508
=====================
Simulation #14
2	2	4	6	10	16	26	42	68	
110	178	288	110	178	288	110	398	508	
110	618	508	110	618	508	1126	1634	508	
2142	1634	508	2142	2650	4792	7442	
random: 2, NewEnd value: 2650, Replace with 1634
=====================
Simulation #15
2	2	4	6	10	16	26	42	68	
110	178	288	110	178	288	110	398	508	
110	618	508	110	618	508	1126	1634	508	
2142	1634	508	2142	1634	3776	5410	9186	14596	

random: 2, NewEnd value: 5410, Replace with 2142
=====================
